00  //iocsr start dword
00
00
00
00  //iocsr data start
00
00
80
00
00
00
80
00
00
00
80
00
00
00
80
00
00
00
80
00
00
00
80
00
00
00
80
00
00
00
80
00
00
00
80
00
00
00
80
00
00
00
80
00
00
00
80
00
00
00
80
00
00
00
80
00
00
00
80
00
00
00
80
00
00
00
80
00
00
00
80
00
00
00
80
00
00
00
80
00
00
00
80
00
00
00
80
00
00
00
80
00
00
00
80
00
00
00
80
00
00
00
80
00
00
00
80
00
00
00
80
00
00
00
80
00
00
00
80
7C  //iocsr padding
73
81  //iocsr CRC signature
FA
FF  //iocsr filler dword
FF
FF
FF
00  //core start dword
00
2C
28
00  //core data start
00
00
80
00
00
00
80
00
00
00
80
00
00
00
80
00
00
00
80
00
00
00
80
00
00
00
80
00
00
00
80
00
00
00
80
00
00
00
80
00
00
00
80
00
00
00
80
00
00
00
80
00
00
00
80
00
00
00
80
00
00
00
80
00
00
00
80
00
00
00
80
00
00
00
80
00
00
00
80
CD
1C
61  //core frame CRC signature
BB
FF  //core filler dword
FF
FF
FF
